[gd_scene load_steps=16 format=3 uid="uid://dixy31aphiefk"]

[ext_resource type="Script" path="res://scenes/Helicopter.gd" id="1_g2kku"]
[ext_resource type="Material" uid="uid://b7kc8jfs4fowj" path="res://addons/kenney_prototype_tools/materials/green/material_02.tres" id="2_65wmq"]
[ext_resource type="PackedScene" uid="uid://cjhu7uxv2kq34" path="res://assets/objects/laser.tscn" id="2_jgc71"]
[ext_resource type="Material" uid="uid://dd6al6ewiwu81" path="res://addons/kenney_prototype_tools/materials/light/material_02.tres" id="3_24r61"]

[sub_resource type="ProceduralSkyMaterial" id="ProceduralSkyMaterial_dl6i1"]
sky_horizon_color = Color(0.64625, 0.65575, 0.67075, 1)
ground_horizon_color = Color(0.64625, 0.65575, 0.67075, 1)

[sub_resource type="Sky" id="Sky_rue8v"]
sky_material = SubResource("ProceduralSkyMaterial_dl6i1")

[sub_resource type="Environment" id="Environment_u1851"]
background_mode = 2
sky = SubResource("Sky_rue8v")
tonemap_mode = 2
glow_enabled = true

[sub_resource type="SphereShape3D" id="SphereShape3D_wkqdn"]
radius = 1.0

[sub_resource type="StandardMaterial3D" id="StandardMaterial3D_iq2mg"]
albedo_color = Color(0.607843, 0, 0.615686, 1)
emission_enabled = true
emission = Color(1, 0.4, 0.694118, 1)

[sub_resource type="SphereMesh" id="SphereMesh_gidir"]
material = SubResource("StandardMaterial3D_iq2mg")

[sub_resource type="ConvexPolygonShape3D" id="ConvexPolygonShape3D_2ny0l"]
points = PackedVector3Array(-1, 2, 0, -0.707126, 2, -0.707126, -0.900157, 1.19969, 0, -0.707126, 2, 0.70693, 0, 2, -1, 0, 1.19969, -0.900157, -0.636453, 1.19969, -0.636453, -0.636453, 1.19969, 0.636257, -0.424432, -1.20008, -0.424432, -0.5, -2, 0, -0.424432, -1.20008, 0.424237, 0, 2, 1, 0.70693, 2, -0.707126, 0.636257, 1.19969, -0.636453, 0.424237, -1.20008, -0.424432, 0, -2, -0.5, -0.353563, -2, -0.353563, -0.353563, -2, 0.353367, 0, -2, 0.5, 0.636257, 1.19969, 0.636257, 0.70693, 2, 0.70693, 0.424237, -1.20008, 0.424237, 1, 2, 0, 0.5, -2, 0, 0.353367, -2, -0.353563, 0.353367, -2, 0.353367)

[sub_resource type="StandardMaterial3D" id="StandardMaterial3D_71wet"]
next_pass = ExtResource("3_24r61")

[sub_resource type="BoxShape3D" id="BoxShape3D_jye18"]

[sub_resource type="StandardMaterial3D" id="StandardMaterial3D_d7hjk"]
albedo_color = Color(0.101961, 0.376471, 0.74902, 1)

[sub_resource type="BoxMesh" id="BoxMesh_h4dvn"]
material = SubResource("StandardMaterial3D_d7hjk")

[node name="Heli_Land" type="Node3D"]

[node name="WorldEnvironment" type="WorldEnvironment" parent="."]
environment = SubResource("Environment_u1851")

[node name="DirectionalLight3D" type="DirectionalLight3D" parent="."]
transform = Transform3D(-0.866023, -0.433016, 0.250001, 0, 0.499998, 0.866027, -0.500003, 0.749999, -0.43301, 0, 0, 0)
shadow_enabled = true

[node name="Helicopter" type="RigidBody3D" parent="."]
transform = Transform3D(1, 0, 0, 0, 1, 0, 0, 0, 1, -46, 2, 0)
script = ExtResource("1_g2kku")

[node name="heli_collision" type="CollisionShape3D" parent="Helicopter"]
shape = SubResource("SphereShape3D_wkqdn")

[node name="MeshInstance3D" type="MeshInstance3D" parent="Helicopter"]
mesh = SubResource("SphereMesh_gidir")
skeleton = NodePath("../..")

[node name="Camera3D" type="Camera3D" parent="Helicopter"]
transform = Transform3D(-4.37114e-08, 0, -1, 0, 1, 0, 1, 0, -4.37114e-08, -5, 1, 0)

[node name="laser" parent="Helicopter" instance=ExtResource("2_jgc71")]
unique_name_in_owner = true
transform = Transform3D(-4.37114e-08, -1, 0, 1, -4.37114e-08, 0, 0, 0, 1, 1, 0, 0)

[node name="CollisionShape3D" type="CollisionShape3D" parent="Helicopter"]
transform = Transform3D(1.31134e-07, 1, 0, -1, 1.31134e-07, 0, 0, 0, 1, 3.1, 0, 0)
shape = SubResource("ConvexPolygonShape3D_2ny0l")

[node name="CSGCombiner3D" type="CSGCombiner3D" parent="."]
transform = Transform3D(1, 0, 0, 0, 1, 0, 0, 0, 1, 0, -1, 0)
use_collision = true
metadata/_edit_lock_ = true

[node name="CSGBox3D" type="CSGBox3D" parent="CSGCombiner3D"]
size = Vector3(100, 1, 20)
material = SubResource("StandardMaterial3D_71wet")

[node name="CSGBox3D2" type="CSGBox3D" parent="CSGCombiner3D"]
transform = Transform3D(1, 0, 0, 0, 1, 0, 0, 0, 1, 0, 23, 0)
size = Vector3(100, 1, 20)
material = ExtResource("3_24r61")

[node name="CSGBox3D3" type="CSGBox3D" parent="CSGCombiner3D"]
transform = Transform3D(1, 0, 0, 0, -4.37114e-08, -1.17, 0, 1, -5.11423e-08, 0, 11.5, 10)
size = Vector3(100, 1, 20)
material = ExtResource("3_24r61")

[node name="CSGBox3D4" type="CSGBox3D" parent="CSGCombiner3D"]
transform = Transform3D(1, 0, 0, 0, -4.37114e-08, -1.17, 0, 1, -5.11423e-08, 0, 11.5, -10)
size = Vector3(100, 1, 20)
material = ExtResource("3_24r61")

[node name="obsticles" type="Node3D" parent="CSGCombiner3D"]

[node name="CSGBox3D5" type="CSGBox3D" parent="CSGCombiner3D/obsticles"]
transform = Transform3D(1, 0, 0, 0, 1, 0, 0, 0, 1, -19, 1, 0)
material = ExtResource("2_65wmq")

[node name="CSGBox3D6" type="CSGBox3D" parent="CSGCombiner3D/obsticles"]
transform = Transform3D(1, 0, 0, 0, 1, 0, 0, 0, 1, 1, 1, 3)
material = ExtResource("2_65wmq")

[node name="CSGBox3D7" type="CSGBox3D" parent="CSGCombiner3D/obsticles"]
transform = Transform3D(1, 0, 0, 0, 1, 0, 0, 0, 1, -31, 1, -4)
material = ExtResource("2_65wmq")

[node name="CSGBox3D8" type="CSGBox3D" parent="CSGCombiner3D/obsticles"]
transform = Transform3D(0.836516, -0.258819, 0.482963, 0.224144, 0.965926, 0.12941, -0.5, 0, 0.866025, -18.4031, 4.44542, 1.28867)
material = ExtResource("2_65wmq")

[node name="CSGBox3D9" type="CSGBox3D" parent="CSGCombiner3D/obsticles"]
transform = Transform3D(0.836516, -0.258819, 0.482963, 0.224144, 0.965926, 0.12941, -0.5, 0, 0.866025, -0.223841, 9.31653, -6.11325)
material = ExtResource("2_65wmq")

[node name="CSGBox3D10" type="CSGBox3D" parent="CSGCombiner3D/obsticles"]
transform = Transform3D(0.836516, -0.258819, 0.482963, 0.224144, 0.965926, 0.12941, -0.5, 0, 0.866025, -30.3731, 1.23806, 3.82457)
material = ExtResource("2_65wmq")

[node name="CSGBox3D11" type="CSGBox3D" parent="CSGCombiner3D/obsticles"]
transform = Transform3D(1, 0, 0, 0, 1, 0, 0, 0, 1, 3, 6, 0)
material = ExtResource("2_65wmq")

[node name="CSGBox3D12" type="CSGBox3D" parent="CSGCombiner3D/obsticles"]
transform = Transform3D(1, 0, 0, 0, 1, 0, 0, 0, 1, 23, 6, 3)
material = ExtResource("2_65wmq")

[node name="CSGBox3D13" type="CSGBox3D" parent="CSGCombiner3D/obsticles"]
transform = Transform3D(1, 0, 0, 0, 1, 0, 0, 0, 1, -9, 6, -4)
material = ExtResource("2_65wmq")

[node name="CSGBox3D14" type="CSGBox3D" parent="CSGCombiner3D/obsticles"]
transform = Transform3D(0.836516, -0.258819, 0.482963, 0.224144, 0.965926, 0.12941, -0.5, 0, 0.866025, 3.59694, 9.44542, 1.28867)
material = ExtResource("2_65wmq")

[node name="CSGBox3D15" type="CSGBox3D" parent="CSGCombiner3D/obsticles"]
transform = Transform3D(0.836516, -0.258819, 0.482963, 0.224144, 0.965926, 0.12941, -0.5, 0, 0.866025, 21.7762, 14.3165, -6.11325)
material = ExtResource("2_65wmq")

[node name="CSGBox3D16" type="CSGBox3D" parent="CSGCombiner3D/obsticles"]
transform = Transform3D(0.836516, -0.258819, 0.482963, 0.224144, 0.965926, 0.12941, -0.5, 0, 0.866025, -8.3731, 6.23806, 3.82457)
material = ExtResource("2_65wmq")

[node name="CSGBox3D17" type="CSGBox3D" parent="CSGCombiner3D/obsticles"]
transform = Transform3D(0.836516, -0.258819, 0.482963, 0.5, -3.22019e-08, -0.866026, 0.224144, 0.965926, 0.12941, -50.3731, 2.47009, -7.5353)
material = ExtResource("2_65wmq")

[node name="CSGBox3D18" type="CSGBox3D" parent="CSGCombiner3D/obsticles"]
transform = Transform3D(1, 0, 0, 0, -4.37114e-08, -1, 0, 1, -4.37114e-08, -17, 6.29466, -2.77336)
material = ExtResource("2_65wmq")

[node name="CSGBox3D19" type="CSGBox3D" parent="CSGCombiner3D/obsticles"]
transform = Transform3D(1, 0, 0, 0, -4.37114e-08, -1, 0, 1, -4.37114e-08, 3, 3.29466, -2.77336)
material = ExtResource("2_65wmq")

[node name="CSGBox3D20" type="CSGBox3D" parent="CSGCombiner3D/obsticles"]
transform = Transform3D(1, 0, 0, 0, -4.37114e-08, -1, 0, 1, -4.37114e-08, -29, 10.2947, -2.77335)
material = ExtResource("2_65wmq")

[node name="CSGBox3D21" type="CSGBox3D" parent="CSGCombiner3D/obsticles"]
transform = Transform3D(0.836516, -0.258819, 0.482963, 0.5, -3.22019e-08, -0.866026, 0.224144, 0.965926, 0.12941, -16.4031, 5.00599, 0.672064)
material = ExtResource("2_65wmq")

[node name="CSGBox3D22" type="CSGBox3D" parent="CSGCombiner3D/obsticles"]
transform = Transform3D(0.836516, -0.258819, 0.482963, 0.5, -3.22019e-08, -0.866026, 0.224144, 0.965926, 0.12941, 1.77616, 12.4079, 5.54317)
material = ExtResource("2_65wmq")

[node name="CSGBox3D23" type="CSGBox3D" parent="CSGCombiner3D/obsticles"]
transform = Transform3D(0.836516, -0.258819, 0.482963, 0.5, -3.22019e-08, -0.866026, 0.224144, 0.965926, 0.12941, -28.3731, 2.47009, -2.5353)
material = ExtResource("2_65wmq")

[node name="Start" type="Area3D" parent="."]
unique_name_in_owner = true
transform = Transform3D(1, 0, 0, 0, 1, 0, 0, 0, 1, -46, 0, 0)

[node name="CollisionShape3D" type="CollisionShape3D" parent="Start"]
shape = SubResource("BoxShape3D_jye18")

[node name="MeshInstance3D" type="MeshInstance3D" parent="Start"]
mesh = SubResource("BoxMesh_h4dvn")

[node name="End" type="Area3D" parent="."]
unique_name_in_owner = true
transform = Transform3D(1, 0, 0, 0, 1, 0, 0, 0, 1, 43, 0, 0)

[node name="CollisionShape3D" type="CollisionShape3D" parent="End"]
shape = SubResource("BoxShape3D_jye18")

[node name="MeshInstance3D" type="MeshInstance3D" parent="End/CollisionShape3D"]
mesh = SubResource("BoxMesh_h4dvn")
